10188445
10188446
10621715
10639156
10691624
10696345
10696346
10696347
10706296
10731945
10737091
10737137
11285925
11732667
13222504
13222505
13291747
13840048
13840049
13840086
13840087
13928428
13928429
13928790
13955912
13955913
13955914
13955915
13960314
14011309
14151426
14227159
14524408
14525879
14525893
14525913
14526317
14530729
14531196
14540303
14543307
14553467
14759561
14991415
19271578
19365481
19755987
2083719
2083772
2083783
2177258
2500903
2646063
2647601
2647638
2713966
279001
279045
3649463
3804400
3843816
3893531
3969510
4121287
4263589
4769816
530468
530469
5404217
5661754
5748043
5748044
5748123
5748124
5945359
6089549
6090144
7374343
7645548
7743573
7751575
7751576
7787828
7787834
8653540
9483303
9483304
9501031
9501032
9554740
9554741
9568119
9942669
9942670
9965686
9991145
